      1      0     0.000     0.000
      2      0     0.000     0.000
      3      0     0.000     0.000
      4      0     0.000     0.000
      5      1   100.000    84.000
      6      0     0.000     0.000
      7      0     0.000     0.000
      8      0     0.000     0.000
      9      0     0.000     0.000
     10      0     0.000     0.000
     11      2    64.500    66.500
     12      3    67.333    75.667
     13      4    84.250    79.500
     14      0     0.000     0.000
     15      2    83.500    82.000
     16      4    64.000    68.750
     17      2    73.000    79.500
     18      4    69.500    74.750
     19      3    82.333    78.667
     20      8    75.125    80.750
     21      6    72.000    75.500
     22      6    76.000    77.333
     23      8    65.625    73.875
     24     11    73.455    73.909
     25      2    83.000    76.500
     26      4    75.250    75.000
     27     16    66.812    74.063
     28      8    73.375    79.875
     29     11    74.182    73.818
     30     15    77.600    79.933
     31     16    69.000    73.688
     32     19    70.368    72.158
     33     15    68.867    74.667
     34     16    69.438    72.312
     35     18    76.556    78.333
     36     11    76.364    82.364
     37     25    69.360    75.040
     38     19    71.947    74.053
     39     15    71.133    74.533
     40     14    63.857    70.857
     41     12    70.417    76.583
     42     10    65.200    76.500
     43     12    63.583    74.667
     44      8    68.000    79.750
     45      7    68.429    69.571
     46     12    65.917    71.333
     47      8    65.750    65.125
     48      8    71.875    75.250
     49      6    76.000    80.500
     50    235    60.562    70.477
     51     24    64.000    70.917
     52      5    60.800    68.000
     53      4    70.500    71.250
     54     10    68.100    68.500
     55      8    66.375    70.125
     56     13    63.923    64.846
     57     11    69.182    64.727
     58     11    63.727    64.364
     59      8    67.500    61.750
     60     12    61.750    70.083
     61     28    63.071    66.786
     62     15    54.933    62.533
     63     20    59.000    61.100
     64     13    63.692    63.154
     65     21    60.810    58.286
     66     24    58.292    62.583
     67     15    57.333    60.600
     68     29    51.897    56.276
     69     27    58.407    61.185
     70     30    53.567    55.600
     71     41    55.976    62.951
     72     27    51.519    57.667
     73     32    54.125    59.250
     74     37    56.135    60.216
     75     34    52.265    55.147
     76     44    60.636    62.227
     77     37    53.270    57.595
     78     25    56.920    60.040
     79     35    48.714    57.943
     80     46    55.196    58.935
     81    107    57.421    66.327
     82     32    51.156    56.781
     83     50    51.420    58.340
     84     42    52.381    56.905
     85     50    49.080    58.720
     86     48    52.250    58.042
     87     41    52.780    60.780
     88     43    49.674    59.535
     89     41    52.415    61.659
     90     43    49.070    58.023
     91     56    47.536    60.893
     92     49    52.551    62.204
     93     39    46.846    57.231
     94     52    49.481    60.077
     95     32    51.281    61.719
     96     62    48.903    60.936
     97     49    47.225    61.633
     98     38    49.632    60.421
     99     39    49.538    61.333
    100     28    48.500    61.393
    101     96    51.375    65.083
    102     34    49.559    63.118
    103     29    46.172    61.483
    104     32    46.531    62.344
    105     23    48.043    62.522
    106     26    42.115    60.346
    107     23    48.261    65.609
    108     17    42.294    60.176
    109     26    44.846    65.000
    110     20    43.850    63.000
    111     23    44.478    62.522
    112      6    47.833    69.333
    113      8    35.375    64.000
    114      3    49.667    72.333
    115      3    48.333    67.333
    116      3    40.000    59.333
    117      5    48.200    62.400
    118      3    46.667    70.667
    119      1    56.000    73.000
    120      1    59.000    64.000
    121      0     0.000     0.000
